R30kdane

Usim=0.707025377196 V

 

 
f1=14125hz
f2=14982Hz
B=857Hz
f_0=1.455459100000000035e+04=14554,591 Hz

Q=f_0/B=16,983186698




9.998848773724685612e-01 1.455459100000000035e+04