3.030303030303030387e-02 -Imax dla R=130
Ysim=0.00531659233975

 
f1=14007hz
f2=15074Hz
B=1067Hz
f_0=1.455458100000000035e+04

Q=f_0/B=13,640666354




7.518796992481202590e-03 1.455458100000000035e+04