3.028210493947242066e-02 -Imax dla R=33
Ysim=0.0214126817513
f1=14413hz
f2=14684Hz
B=271Hz
f_0=1.455338100000000035e+04

Q=f_0/B=53,702512915

Yex=0.0100779236142
f1=14163
f2=14938
B=775
f_0=1.445431300000000010e+04

Q=1.445431300000000010e+04/775=18,650726452